MM =

     0.00000 +   0.00000i
     0.00000 +   0.00000i
    -0.00000 -   1.00000i
    -0.00000 +   1.00000i
     0.00000 -   1.00000i
     0.00000 +   1.00000i
    -0.00000 -   1.99999i
    -0.00000 +   1.99999i
     0.00000 -   1.99999i
     0.00000 +   1.99999i
    -0.00000 -   2.99996i
    -0.00000 +   2.99996i
    -0.00000 -   2.99996i
    -0.00000 +   2.99996i
     0.00000 -   3.99990i
     0.00000 +   3.99990i
     0.00000 -   3.99990i
     0.00000 +   3.99990i
     0.00000 -   4.99980i
     0.00000 +   4.99980i
    -0.00000 -   4.99980i
    -0.00000 +   4.99980i
    -0.00000 -   5.99966i
    -0.00000 +   5.99966i
     0.00000 -   5.99966i
     0.00000 +   5.99966i
     0.00000 -   6.99946i
     0.00000 +   6.99946i
     0.00000 -   6.99946i
     0.00000 +   6.99946i
     0.00000 -   7.99920i
     0.00000 +   7.99920i
    -0.00000 -   7.99920i
    -0.00000 +   7.99920i
     0.00000 -   8.99886i
     0.00000 +   8.99886i
    -0.00000 -   8.99886i
    -0.00000 +   8.99886i
     0.00000 -   9.99843i
     0.00000 +   9.99843i
     0.00000 -   9.99843i
     0.00000 +   9.99843i
    -0.00000 -  10.99791i
    -0.00000 +  10.99791i
     0.00000 -  10.99791i
     0.00000 +  10.99791i
    -0.00000 -  11.99729i
    -0.00000 +  11.99729i
     0.00000 -  11.99729i
     0.00000 +  11.99729i
    -0.00000 -  12.99655i
    -0.00000 +  12.99655i
    -0.00000 -  12.99655i
    -0.00000 +  12.99655i
    -0.00000 -  13.99570i
    -0.00000 +  13.99570i
    -0.00000 -  13.99570i
    -0.00000 +  13.99570i
    -0.00000 -  14.99471i
    -0.00000 +  14.99471i
    -0.00000 -  14.99471i
    -0.00000 +  14.99471i
    -0.00000 -  15.99358i
    -0.00000 +  15.99358i
    -0.00000 -  15.99358i
    -0.00000 +  15.99358i
    -0.00000 -  16.99229i
    -0.00000 +  16.99229i
    -0.00000 -  16.99229i
    -0.00000 +  16.99229i
     0.00000 -  17.99085i
     0.00000 +  17.99085i
    -0.00000 -  17.99085i
    -0.00000 +  17.99085i
     0.00000 -  18.98924i
     0.00000 +  18.98924i
     0.00000 -  18.98924i
     0.00000 +  18.98924i
    -0.00000 -  19.98745i
    -0.00000 +  19.98745i
    -0.00000 -  19.98745i
    -0.00000 +  19.98745i
     0.00000 -  20.98547i
     0.00000 +  20.98547i
    -0.00000 -  20.98547i
    -0.00000 +  20.98547i
    -0.00000 -  21.98330i
    -0.00000 +  21.98330i
    -0.00000 -  21.98330i
    -0.00000 +  21.98330i
     0.00000 -  22.98092i
     0.00000 +  22.98092i
     0.00000 -  22.98092i
     0.00000 +  22.98092i
     0.00000 -  23.97832i
     0.00000 +  23.97832i
     0.00000 -  23.97832i
     0.00000 +  23.97832i
    -0.00000 -  24.97550i
    -0.00000 +  24.97550i
     0.00000 -  24.97550i
     0.00000 +  24.97550i
    -0.00000 -  25.97244i
    -0.00000 +  25.97244i
     0.00000 -  25.97244i
     0.00000 +  25.97244i
     0.00000 -  26.96913i
     0.00000 +  26.96913i
     0.00000 -  26.96913i
     0.00000 +  26.96913i
     0.00000 -  27.96558i
     0.00000 +  27.96558i
    -0.00000 -  27.96558i
    -0.00000 +  27.96558i
     0.00000 -  28.96176i
     0.00000 +  28.96176i
     0.00000 -  28.96176i
     0.00000 +  28.96176i
     0.00000 -  29.95766i
     0.00000 +  29.95766i
    -0.00000 -  29.95766i
    -0.00000 +  29.95766i
    -0.00000 -  30.95329i
    -0.00000 +  30.95329i
    -0.00000 -  30.95329i
    -0.00000 +  30.95329i
    -0.00000 -  31.94862i
    -0.00000 +  31.94862i
     0.00000 -  31.94862i
     0.00000 +  31.94862i
    -0.00000 -  32.94365i
    -0.00000 +  32.94365i
     0.00000 -  32.94365i
     0.00000 +  32.94365i
     0.00000 -  33.93838i
     0.00000 +  33.93838i
     0.00000 -  33.93838i
     0.00000 +  33.93838i
    -0.00000 -  34.93278i
    -0.00000 +  34.93278i
    -0.00000 -  34.93278i
    -0.00000 +  34.93278i
    -0.00000 -  35.92685i
    -0.00000 +  35.92685i
    -0.00000 -  35.92685i
    -0.00000 +  35.92685i
    -0.00000 -  36.92059i
    -0.00000 +  36.92059i
    -0.00000 -  36.92059i
    -0.00000 +  36.92059i
     0.00000 -  37.91398i
     0.00000 +  37.91398i
     0.00000 -  37.91398i
     0.00000 +  37.91398i
     0.00000 -  38.90701i
     0.00000 +  38.90701i
     0.00000 -  38.90701i
     0.00000 +  38.90701i
     0.00000 -  39.89968i
     0.00000 +  39.89968i
    -0.00000 -  39.89968i
    -0.00000 +  39.89968i
    -0.00000 -  40.89197i
    -0.00000 +  40.89197i
     0.00000 -  40.89197i
     0.00000 +  40.89197i
    -0.00000 -  41.88387i
    -0.00000 +  41.88387i
     0.00000 -  41.88387i
     0.00000 +  41.88387i
     0.00000 -  42.87538i
     0.00000 +  42.87538i
     0.00000 -  42.87538i
     0.00000 +  42.87538i
     0.00000 -  43.86649i
     0.00000 +  43.86649i
    -0.00000 -  43.86649i
    -0.00000 +  43.86649i
    -0.00000 -  44.85719i
    -0.00000 +  44.85719i
     0.00000 -  44.85719i
     0.00000 +  44.85719i
     0.00000 -  45.84746i
     0.00000 +  45.84746i
    -0.00000 -  45.84746i
    -0.00000 +  45.84746i
    -0.00000 -  46.83730i
    -0.00000 +  46.83730i
     0.00000 -  46.83730i
     0.00000 +  46.83730i
     0.00000 -  47.82670i
     0.00000 +  47.82670i
     0.00000 -  47.82670i
     0.00000 +  47.82670i
    -0.00000 -  48.81565i
    -0.00000 +  48.81565i
     0.00000 -  48.81565i
     0.00000 +  48.81565i
     0.00000 -  49.80414i
     0.00000 +  49.80414i
    -0.00000 -  49.80414i
    -0.00000 +  49.80414i
    -0.00000 -  50.79216i
    -0.00000 +  50.79216i
    -0.00000 -  50.79216i
    -0.00000 +  50.79216i
     0.00000 -  51.77970i
     0.00000 +  51.77970i
    -0.00000 -  51.77970i
    -0.00000 +  51.77970i
     0.00000 -  52.76676i
     0.00000 +  52.76676i
     0.00000 -  52.76676i
     0.00000 +  52.76676i
     0.00000 -  53.75332i
     0.00000 +  53.75332i
     0.00000 -  53.75332i
     0.00000 +  53.75332i
    -0.00000 -  54.73937i
    -0.00000 +  54.73937i
     0.00000 -  54.73937i
     0.00000 +  54.73937i
    -0.00000 -  55.72491i
    -0.00000 +  55.72491i
     0.00000 -  55.72491i
     0.00000 +  55.72491i
    -0.00000 -  56.70993i
    -0.00000 +  56.70993i
     0.00000 -  56.70993i
     0.00000 +  56.70993i
    -0.00000 -  57.69441i
    -0.00000 +  57.69441i
     0.00000 -  57.69441i
     0.00000 +  57.69441i
     0.00000 -  58.67834i
     0.00000 +  58.67834i
    -0.00000 -  58.67834i
    -0.00000 +  58.67834i
     0.00000 -  59.66173i
     0.00000 +  59.66173i
     0.00000 -  59.66173i
     0.00000 +  59.66173i
    -0.00000 -  60.64455i
    -0.00000 +  60.64455i
     0.00000 -  60.64455i
     0.00000 +  60.64455i
     0.00000 -  61.62680i
     0.00000 +  61.62680i
     0.00000 -  61.62680i
     0.00000 +  61.62680i
    -0.00000 -  62.60848i
    -0.00000 +  62.60848i
     0.00000 -  62.60848i
     0.00000 +  62.60848i
     0.00000 -  63.58956i
     0.00000 +  63.58956i
    -0.00000 -  63.58956i
    -0.00000 +  63.58956i
     0.00000 -  64.57004i
     0.00000 +  64.57004i
     0.00000 -  64.57004i
     0.00000 +  64.57004i
     0.00000 -  65.54992i
     0.00000 +  65.54992i
     0.00000 -  65.54992i
     0.00000 +  65.54992i
     0.00000 -  66.52918i
     0.00000 +  66.52918i
    -0.00000 -  66.52918i
    -0.00000 +  66.52918i
    -0.00000 -  67.50781i
    -0.00000 +  67.50781i
     0.00000 -  67.50781i
     0.00000 +  67.50781i
     0.00000 -  68.48581i
     0.00000 +  68.48581i
     0.00000 -  68.48581i
     0.00000 +  68.48581i
    -0.00000 -  69.46316i
    -0.00000 +  69.46316i
     0.00000 -  69.46316i
     0.00000 +  69.46316i
     0.00000 -  70.43986i
     0.00000 +  70.43986i
     0.00000 -  70.43986i
     0.00000 +  70.43986i
     0.00000 -  71.41590i
     0.00000 +  71.41590i
    -0.00000 -  71.41590i
    -0.00000 +  71.41590i
     0.00000 -  72.39127i
     0.00000 +  72.39127i
     0.00000 -  72.39127i
     0.00000 +  72.39127i
     0.00000 -  73.36595i
     0.00000 +  73.36595i
     0.00000 -  73.36595i
     0.00000 +  73.36595i
    -0.00000 -  74.33994i
    -0.00000 +  74.33994i
     0.00000 -  74.33994i
     0.00000 +  74.33994i
    -0.00000 -  75.31323i
    -0.00000 +  75.31323i
    -0.00000 -  75.31323i
    -0.00000 +  75.31323i
     0.00000 -  76.28582i
